 0.00000000000000e+000    1.96850393700787e-002
 1.19474313022700e-001    9.05511811023620e-002
 2.15053763440860e-001    1.37795275590551e-001
 2.98685782556750e-001    1.85039370078740e-001
 3.82317801672640e-001    2.32283464566929e-001
 5.37634408602151e-001    3.26771653543307e-001
 6.69056152927121e-001    3.97637795275591e-001
 8.24372759856631e-001    4.92125984251969e-001
 9.43847072879331e-001    5.51181102362205e-001
 1.03942652329749e+000    5.98425196850394e-001
 1.14695340501792e+000    6.69291338582677e-001
 1.25448028673835e+000    7.40157480314961e-001
 1.39784946236559e+000    7.99212598425197e-001
 1.45758661887694e+000    8.22834645669291e-001
 1.54121863799283e+000    8.46456692913386e-001
 1.73237753882915e+000    8.46456692913386e-001
 1.93548387096774e+000    8.70078740157480e-001
 2.78375149342891e+000    8.70078740157480e-001
 3.03464755077658e+000    8.46456692913386e-001
 3.28554360812425e+000    8.22834645669291e-001
 3.45280764635603e+000    8.22834645669291e-001
 3.53643966547192e+000    7.99212598425197e-001
 3.62007168458781e+000    7.28346456692913e-001
 3.82317801672640e+000    5.98425196850394e-001
 3.91875746714456e+000    5.27559055118110e-001
 4.12186379928315e+000    3.85826771653544e-001
 4.40860215053763e+000    2.08661417322835e-001
 4.62365591397849e+000    6.69291338582676e-002
 4.87455197132616e+000   -1.10236220472441e-001
 4.99402628434886e+000   -2.04724409448819e-001
 5.11350059737157e+000   -3.58267716535433e-001
 5.18518518518519e+000   -4.40944881889764e-001
 5.34050179211470e+000   -6.18110236220472e-001
 5.44802867383513e+000   -7.83464566929134e-001
 5.59139784946237e+000   -9.72440944881890e-001
 5.73476702508961e+000   -1.14960629921260e+000
 5.84229390681004e+000   -1.31496062992126e+000
 5.93787335722820e+000   -1.49212598425197e+000
 5.96176821983274e+000   -1.55118110236220e+000
 5.98566308243728e+000   -1.61023622047244e+000
 6.00955794504182e+000   -1.64566929133858e+000
 6.03345280764636e+000   -1.68110236220472e+000
 6.06929510155317e+000   -1.69291338582677e+000
 6.09318996415771e+000   -1.66929133858268e+000
 6.12903225806452e+000   -1.62204724409449e+000
 6.15292712066906e+000   -1.57480314960630e+000
 6.17682198327360e+000   -1.52755905511811e+000
 6.20071684587814e+000   -1.48031496062992e+000
 6.22461170848268e+000   -1.43307086614173e+000
 6.24850657108722e+000   -1.40944881889764e+000
 6.29629629629630e+000   -1.38582677165354e+000
 6.36798088410992e+000   -1.38582677165354e+000
 6.55913978494624e+000   -1.20866141732283e+000
 6.64277180406213e+000   -1.16141732283465e+000
 6.71445639187575e+000   -1.11417322834646e+000
 6.77419354838710e+000   -1.06692913385827e+000
 6.84587813620072e+000   -1.03149606299213e+000
 6.90561529271207e+000   -1.01968503937008e+000
 6.98924731182796e+000   -9.84251968503937e-001
 7.07287933094385e+000   -9.37007874015748e-001
 7.13261648745520e+000   -8.89763779527559e-001
 7.19235364396655e+000   -8.66141732283465e-001
 7.27598566308244e+000   -8.42519685039370e-001
 7.33572281959379e+000   -8.18897637795275e-001
 7.41935483870968e+000   -7.95275590551181e-001
 7.52688172043011e+000   -7.71653543307087e-001
 7.58661887694146e+000   -7.48031496062992e-001
 7.69414575866189e+000   -6.29921259842520e-001
 7.78972520908005e+000   -5.94488188976378e-001
 7.87335722819594e+000   -5.94488188976378e-001
 7.93309438470729e+000   -5.59055118110236e-001
 7.99283154121864e+000   -5.23622047244094e-001
 8.07646356033453e+000   -4.76377952755906e-001
 8.18399044205496e+000   -4.76377952755906e-001
 8.27956989247312e+000   -4.29133858267717e-001
 8.39904420549582e+000   -3.81889763779527e-001
 8.50657108721625e+000   -3.58267716535433e-001
 8.63799283154122e+000   -3.34645669291338e-001
 8.75746714456392e+000   -3.11023622047244e-001
 8.88888888888889e+000   -2.99212598425197e-001
 8.96057347670251e+000   -2.87401574803150e-001
 9.04420549581840e+000   -2.51968503937008e-001
 9.10394265232975e+000   -2.28346456692913e-001
 9.18757467144564e+000   -2.04724409448819e-001
 9.30704898446834e+000   -1.81102362204724e-001
 9.41457586618877e+000   -1.57480314960630e-001
 9.49820788530466e+000   -1.33858267716535e-001
 9.56989247311828e+000   -1.10236220472441e-001
 9.66547192353644e+000   -8.66141732283465e-002
 9.78494623655914e+000   -6.29921259842521e-002
 9.84468339307049e+000   -3.93700787401576e-002
 9.91636798088411e+000   -1.57480314960630e-002
 9.97610513739546e+000    7.87401574803148e-003
