0.857719  174.376
0.860747  170.884
0.857719  167.78
0.857719  163.513
0.857719  160.021
0.857719  156.141
0.854692  152.261
0.851665  147.993
0.854692  144.889
0.851665  140.621
0.851665  136.354
0.848638  132.086
0.84561  127.817
0.848638  122.774
0.848638  118.507
0.848638  113.851
0.848638  109.583
0.84561  105.703
0.84561  101.435
0.84561  97.9436
0.851665  94.0646
0.848638  90.1845
0.848638  85.5288
0.84561  81.6487
0.848638  77.7694
0.848638  74.2776
0.848638  69.6219
0.84561  66.1298
0.842583  62.2497
0.842583  58.7579
0.842583  54.8782
0.842583  50.9985
0.84561  48.671
0.842583  45.1789
0.836529  42.4623
0.836529  38.1946
0.836529  35.0908
0.839556  31.5994
0.842583  26.1682
0.842583  21.9005
0.84561  18.7971
0.842583  16.0809
0.833502  13.3639
0.809284  11.033
0.785066  11.8058
0.75782  11.8022
0.727548  11.7983
0.697275  10.6305
0.67003  10.239
0.633703  9.84633
0.600404  9.45405
0.570131  9.45013
0.545913  8.28308
0.518668  8.27956
0.488396  8.27564
0.458123  8.27173
0.424823  7.49148
0.382442  6.71005
0.340061  6.3166
0.312815  5.53713
0.279516  6.30877
0.243189  6.30407
0.194753  5.90983
0.161453  5.51755
0.140262  4.73887
0.0948537  3.95705
0.0676085  3.56555
0.0131181  2.78256
-0.0322906  0.836823
-0.086781  0.829776
-0.120081  0.437497
-0.150353  0.433582
-0.180626  0.429667
-0.204844  0.0385624
-0.229062  -0.352542
-0.256307  -0.356066
-0.283552  -0.359589
-0.304743  -0.750303
-0.335015  -0.754218
-0.368315  -1.53447
-0.398587  -2.7023
-0.422805  -2.70544
-0.45005  -2.32099
-0.480323  -3.10085
-0.51665  -3.49352
-0.552977  -3.88619
-0.583249  -3.8901
-0.607467  -4.28121
-0.63774  -5.06107
-0.65893  -4.28786
-0.686176  -5.06733
-0.716448  -5.84719
-0.749748  -5.46353
-0.773966  -7.01855
-0.795156  -7.02129
-0.825429  -7.02521
-0.84662  -8.57984
-0.879919  -8.58414
-0.904137  -9.36322
-0.931382  -9.75472
-0.949546  -11.309
-0.979818  -12.0888
-1.01312  -12.4811
-1.05853  -13.6509
-1.08274  -14.8179
-1.11604  -15.9862
-1.15237  -15.9909
-1.19778  -16.7727
-1.24016  -18.718
-1.24622  -19.1068
-1.28254  -21.4393
-1.3219  -22.6083
-1.36731  -25.33
-1.40363  -25.7227
-1.44904  -27.6684
-1.4884  -29.2254
-1.51867  -30.3932
-1.56105  -31.5626
-1.60646  -32.7324
-1.64279  -34.289
-1.67911  -36.6215
-1.7003  -39.7281
-1.68517  -43.6058
-1.64279  -45.1522
-1.61251  -46.7002
-1.57316  -48.635
-1.53078  -49.4055
-1.47931  -50.9507
-1.44904  -51.7227
-1.40363  -53.6567
-1.36731  -53.652
-1.31282  -54.4209
-1.2886  -56.3577
-1.26135  -57.906
-1.23108  -58.6781
-1.19173  -59.4489
-1.16145  -60.2209
-1.13421  -61.3813
-1.10394  -63.7053
-1.07064  -66.4168
-1.04339  -69.517
-1.0222  -72.6181
-1.00706  -76.4958
-0.979818  -80.372
-0.9556  -85.0246
-0.931382  -87.7373
-0.90111  -90.8371
-0.892028  -95.1037
-0.873865  -98.5931
-0.861756  -103.247
-0.855701  -106.738
-0.843592  -111.78
-0.828456  -116.434
-0.822402  -120.701
-0.816347  -124.58
-0.81332  -128.847
-0.804238  -133.502
-0.798184  -138.544
-0.798184  -143.588
-0.789102  -147.079
-0.783047  -152.122
-0.776993  -158.716
-0.758829  -162.594
-0.72553  -162.977
-0.698285  -160.258
-0.677094  -159.479
-0.646821  -156.372
-0.631685  -154.43
-0.616549  -150.936
-0.60444  -145.503
-0.607467  -142.4
-0.610494  -138.52
-0.592331  -135.802
-0.54995  -135.797
-0.522704  -133.853
-0.501514  -131.911
-0.489405  -127.253
-0.489405  -121.822
-0.48335  -117.553
-0.48335  -112.898
-0.474268  -109.793
-0.453078  -106.298
-0.447023  -104.357
-0.416751  -102.414
-0.401615  -100.86
-0.383451  -98.5296
-0.371342  -95.4243
-0.365288  -91.9318
-0.356206  -89.9907
-0.344097  -86.4974
-0.338042  -83.7808
-0.322906  -80.6751
-0.319879  -76.407
-0.310797  -72.1381
-0.301715  -70.973
-0.301715  -68.6452
-0.289606  -63.212
-0.265388  -60.881
-0.244198  -56.9985
-0.232089  -54.2812
-0.210898  -50.0107
-0.201816  -48.0697
-0.192735  -44.1888
-0.180626  -41.4714
-0.165489  -36.8138
-0.150353  -33.3201
-0.138244  -30.6027
-0.117053  -29.048
-0.114026  -24.78
-0.101917  -21.2866
-0.0958628  -17.7941
-0.0837538  -13.1369
-0.0565086  -9.2536
-0.0474268  -6.53662
-0.0262361  -3.43009
0.00403633  1.22949
0.025227  6.66385
0.0433905  10.158
0.0706357  14.0412
0.0797175  17.1462
0.0887992  21.0271
0.10999  24.1336
0.128153  26.4638
0.149344  30.3462
0.16448  34.6159
0.185671  36.9465
0.203835  41.6045
0.228052  44.7114
0.25227  48.2063
0.261352  52.4752
0.279516  55.1933
0.306761  59.0766
0.31887  63.7338
0.343088  67.6167
0.358224  71.8864
0.376387  76.5444
0.397578  80.8148
0.421796  83.9217
0.433905  87.803
0.449041  90.5208
0.464178  94.7905
0.482341  98.2846
0.503532  101.779
0.524723  106.437
0.551968  109.545
0.564077  112.65
0.573158  115.755
0.591322  118.473
0.606458  121.191
0.621594  124.685
0.633703  127.79
0.651867  131.672
0.67003  135.166
0.682139  139.436
0.700303  143.318
0.721493  146.812
0.727548  149.917
0.745711  153.799
0.760848  157.292
0.772957  159.622
0.797175  164.669
0.809284  166.61
0.821393  170.103
0.842583  172.434